2021-02-28T08:00 61.340000 -149.270004 -3.888889 
2021-02-28T08:10 47.360001 -122.190002 7.222222 
2021-02-28T08:10 47.360001 -122.190002 7.222222 
2021-02-28T08:10 45.310001 -122.400002 12.777778 
2021-02-28T08:10 40.709999 -74.000000 0.555556 
2021-02-28T08:05 34.029999 -118.150002 22.222221 
2021-02-28T08:05 32.299999 -110.550003 31.666666 
2021-02-28T08:05 32.299999 -93.440002 29.444445 
2021-02-28T08:00 30.200001 -81.389999 16.666666 
2021-02-28T08:05 26.219999 -98.489998 22.222221 
2021-02-28T08:10 18.240000 -66.029999 29.444445 
